$ANSIBLE_VAULT;1.1;AES256
36306231616630366431393536396539663664326134366337343236393162626339613736646139
6165306537646538313639303536616564356234323262350a303239646434333935346635383963
35653534333134346336393966653634666565366237613035623362613935646636366534363132
3533366461653665380a363563303137636631313530376665623935653837363865646232626335
37303161643262386366346635363837336634616264613836353732303634646262366631363532
35363630633130373338623362613563316362633031383061326232343030636333356639626131
61616232623464353261643532646539346436303765336531373237386365663866303032306330
37303938613763623966666236333933363564393231316535366434616364323939663939313439
31663763623464623763396136636238326563306463313433396463333032666636363465316535
32363039346332316638616138383364343231303734336435653435303535346533366166646237
35613130353738626137653732363065356562613065333630356231396331653134306430623534
64386435613738646136383564346665373164353565363665303230653362653636633439623564
30393030663635663538333239643264323664643862306537396662396433363432636665633661
38396638383337653432383039333930646439653337306436386564336437333333396634343031
66626264616465336438333631303439663938646631633264303631326264356438306639316562
64333061613430363264386336616462373134306130393530353936373735643766353462306631
65353261373861333262616363306137343061373630653565626463313965356639656531343162
39313138616432323437373431356263366436383362666561666564363262313361343139646634
38386339396538373161363336626230623632336462666466343965616530663936363033336462
61313436336262306466613466666362653334386163323430653464646434353932663930383862
65356339326566323664353837393065663662343538373839376630356666316163383637353865
32396237663764663533636362656264643230616431316635363661393837666561633338343232
32313665346133643062323939396238636666313563663238313739313463633562343763376162
62303564326133336365363533336338336130646135643161616334666166643536653661343139
37626133646166353031346363313832663833643332363934656562366665316132623161333031
39303137663430623266623736323938383561633232613830326234303462616239333237323465
30613935313161396337663434383132303733323636373762303238353564613764316534323939
31306236633333373838643634366563616661343965623562663963323332653634613435623431
62373534333664623438376433653736396435323535303064306466653032303630323162643532
33343831646263363438623235663139353266623833303365356139346539616338393134646231
66396261336135366533353165356261616531363962303234376130623130303664313962353434
30383330363137633630393436386261653863636634653366623337333862356331616461646633
35373232656637393065316638356366303065393833373735363030373134386236343061636434
30616430623365363831373362633264393862356239626435626366666638653036653236343033
32623663313937313933346230663338393130383564343635343339613331373537396632623539
38393266643930336462303830343161346330343864383536333833633633663062636364643666
63366530633163616565333264306437363865653539663433326164306236653361666465323338
31396262353930343564666537653031353065316638323933643064666534316433663432636262
32663538646637313434666332653935346438303163373832353338303934393136316637383961
32326262346632633737306361313264663065393765323865626162666532356365663863363739
64653037363932376166343865653562643936656365333230343164353933323632346665383161
63646336636339303261353036623066623164316463636138316237343637376434373966613336
35376637626562386137353162633938303139343333633162623330323837326461373736363764
62326234656433353062653131353630373061666663386334653139646135306362653063613033
30323666336230323231303362653438666434633965326531356633636331363831333030346239
30343338343465633230383564656662316465356235663932666137363634396337623462636537
35626239343765366663333366646535373038303563343437613730306430613335336430316164
62663363663833623738663564356139656233393964626538363762316134663461666262656663
35346533353966653132666661333966346537316330313835396362376561646130306438643666
66336666336366353633396166363564343364383137356333356165623639326338323435303966
63656365373262383731343165383339316632363533373139346637353461343239346262623035
38363466653039303230326337383532396538316366333538363566396237646239653631393934
32633562353863396166316336623833306133393332656132396131343934663832613063366239
36356164373538626432356366333230623265666439326337313335613831393033306336333639
64353039343431646138393835333735356137363165616466326638323134376433313432663136
33373436303161393965326664643430323262343538326632343561613261323837323662623063
64393338373931623739653437633737346562363139376463326636346263646238616532346535
33323636346430616230386561623365393862656639656666613938306438386264326461333064
38653939613336363532316139666262393035383436616461366134373438643965626130303837
64373933383339663862343633633534396235336435383134623865353233333537363066333232
36623931373261333334303634653563636664323033343962363762653430666331613565646432
30623165643634303336363833336637643033303633316264646563336532643839626539366466
62346635633236653162656639653537353732653336656635663335303335313936373336373439
34616337616638653038633363643162306138356466393630383831383966636637653265333366
66306364633639613063633932303638636635363332643761343464393262346666306435333938
66386665333864306537343637343761333766356339303337613134623134306233323632303461
34343930656265303966613036373835653338306234623438366262633466366138643362646432
37393263373364393138626366363263666532653436313063643332373835323137633431306435
39306461353730633430346631383664633231323738653531303835313936663235376534366539
31373834326237633033616531323066393632333533303938626638343937393762366438376537
66643832666330633534343863316561366464363061383062306334323937343738346539333239
62383531363532613363383062383335633331626264623635623931613334373732386461383164
32343233346134353736643834633734313032623738363239313234336631656536353830643436
38653462613565383338393134323231313135626566333334363332373038646433333238346135
31376564363031333263316461656165623362396635616463383363323261333336373133383661
31376237373039353364326635336365643139613236646662383364376364353539343766333364
33393330666262633831616665373663623262343161633366393535306534306232326265656161
39316237393730656138663837626236663133363738383463393034356437633939343766616139
35383933613238346232306465666165393736663134626461343937636331356230383432636631
39396633363439353938373237653236636138336563343633613330393666306436626434336336
31376539626461663635376261356265383831396361643633396166396436383532373832626230
66393963323137623530303766336336343762343861316365393966363432366430313034613665
66343964363539376431303030613761663130396463636536303664613864633730663862356533
62343237653434376636616162356365343633393338363564363832313038613736333366623430
61306633376564386536313130346436326433353563316661626365356439643762396538616536
38646166373630373439643263623632373564363763363038386530396535303865663738616531
61353931393430646664323265663438386134383262636533353530313736303439626462623164
30633363366132656363623530613738396464346635646566316264323562663333313533353737
34633061353766326265376437336238373265316538343764616233323434393239666362383566
63356637343632393762633734633161353337306138306265323466643338626430376435353430
33326562633363366336373830303335623133376136353166336433653638616563303736633236
32623932373337333661336432663363343364646132616134356232623364323963653131613563
30666130306537386131663137626166393836333739666439633539616234343764373130386437
33343964336264353231623333343334363531663066366133646238326565346139343731626435
64376463616363333562643933333661663866643262303564336566373230346563303165373437
31646563376664323430396436323263636235663463626666653231386462346134373163393532
66663534323531336239353430336135376266323531333433363733613030306231306532653334
36376536626634323036373633303236373666353366386661363936393963663137346265313531
63633130363864383630646534356263343438373631616631653430396431396234363361373938
63313365343838643361663861653232393638303564393139636565316230383133623962386637
63646631626566336463646366646635343362666334623764613063613938633733
