$ANSIBLE_VAULT;1.1;AES256
65383131383934633031666539376335383937346335653637316532316165313363316635393263
3135663335653433386630306264353932386535313533610a313164336533633331353733316134
64396537663666373937343431323632623132623631316638383034353162656136663835363633
6666623835303562650a616133363866316531366165323665663266386531316236663735373331
64323833316361636434386361383438346331396562643963636136373234373630363835633031
38623233613464333437336138346634396664646166333966316332666633613732616238633661
64343338333966346563623166643031633135303233663637303264353766383634386166643264
38303434646636303932366539643236313537333132363966643261373931333738303762373739
31383135396233633565646337653334663266393133633635663236323266643963343763333335
66376431613665313338613036393532646338633563316237333665326239623863623161353063
61346461376439303138663530303766356333326362393735666134623431376662333739656335
32373238623531333066613664306231303230616437386263633835663762376535323761353837
34376361663931633334396633376162346239353430393535616338656266326365376530643262
63633565313866396634643236353530323464346438316638313863636633346263636630373764
31613239343831633062353833396265383131333566343366623438643462306336666239316164
36656666333536616431623061616537653365383862663139356562346663323931353961626236
33633833386335636361663433353734393862323633663036636235363066306164626633653863
63353261306633393765636234636161623432316330316536343732343538373131653938366463
37326164656338613337616337633833633836376437353339313037643333373938616166373638
38346166626239303562646137356530653934336438333833333537353562653536666566366636
61376630336239343866663339333137613237613230623537643766343236333138323538363263
38323239386462373738626436376131663534396434323834316364633939623738613031353936
62663735363062616232653961353130386332303866616263343264643930393232323266306538
62313066383136306137366163313363323737633133633032643362373834643632373864646133
35656435623537613036626364623538303061393837346465346533633437313061376436393036
33336436303734373139323539373733613039386166363861386362656334366533356361306335
30313966633362373864373538613232663862373865313536316533663337646463633966613038
62343536323965366563386262636266653033303431326337623237343832353836663830363436
63356161326231313964616637653063663637346130663738383139363332643435363639636161
63643931353938646239356565363336653432343234323333326336363537326366316636663261
35303861663963616135333130363465396663313033616430386261393730663639646464663534
62323631356337343463306534633466373833366233353961363033313731333464376133386462
38373035633035643563393063306439643233363932356165316661633434306666376538353935
36623632633235656130376562613036616264326630633063343533613764646663663933386633
66613532396636333136363033613963626433353530393530626232393632363433393339396236
63333931343839353862366436613761313135396366316561373031303765303434356434636562
30633966306362653230616466333837623761346461663038343035306135373266343934616461
35663934623664396434303430333536393939356637353834636464666334666438613639343166
38346531653962383433376662353035613863346131363237623131626136303066633866366534
35393037663264396134633661333238353865636162336338633463386636393162666136633535
37656134616461616332663066613333613831316139386366303730646461366162363266653433
31386430396266313534643735376165343663366338613863336265623031666566643265396530
64376131306138396566643061373166623135353535623563336235383138636666633032643861
35333239393232333533646534613065306130613639383530643633376662633930366136306333
65356162343538333231656264646263636164306232303731646334653164633931383063666532
39366537663864366539336537376464363463333436363433306464653136343733646335316136
66613931386236616639616233653535333064626631636530663832376430393061653537663235
65343936396265623862336363663363313238656661326163353637316261333366356437383131
35656165316663326361383536333165663736623261326362386661363830333166323132353166
62663732626230633763383165353965643362363933343432393938383636353565366261623733
66643734363639633133383539616232623664356230653033643531393534386335333030623233
62393165623334666363353832366438663761663335333431656565373639353036383831623531
65613033663931343263343031613763303935396438386531313337613066396231363366343730
34613330343933376230363761353932633231333766353339373335363533366639383835363165
35313461393836373061316566646238616633386131363830393764386632656237643138336334
34663461643766653564353230306134623439666361623861316131663961343963373933316339
64383030633861393161613461386434326564303931626538383830353262376262653132653737
63353865323433396537653539336138613132633463323732343833636662663064633934666465
34333561343061356539366630393033613561303433363730396231323862353132333633316562
61626431383231353235653965633138373733613032393562336134323231333033653934666434
38336639363066313634613530353639336463383732303530383764636665616433393963383661
65386233663365653539646262313565303236356537383463623031663932363138373864323238
61313661356331363861656430373238356632373738373361316238613264383634306134343933
31666164393466343533346136643036356566333839643631643162646165373964626163613639
64633932383838626436636531376161633635393538616430626638396634343533626135386262
62623862363539373539326461613337656165346338613365386138383132303530666237333664
34363639343565343436376363366463393832333064636231316266393930383339323663653037
30303035633936353431663431633734663736326637633766393830646239653266626335373430
32353566316439663664623933343133373163313566373365666232653334313761633734373862
66643563646132326435323733616636396363366265343033363230303437316662623266336139
32613264313832346165353064376464366564646465323630346436383735636663656166393062
30313630343339366665336163356535333838623231626664313465356332653332623336643734
34353737643135666365383832636230636636336563303765623134373239373731613461303531
39323931356130653162333335653038643961636366613835316263366235363537663831633863
64386664326533306537653734356565356161353337643136316630333135333134376239326339
61323462323365363933666439353664653830336166383465353366643565646530336332326531
38623031613830306261646662356566656338343565366231666632643166363261623739323962
36386164333763663531653037396333343737633961383432643764373162313963323235623739
65646465383964356638343038343631643264626234633939323539373238656339346238613337
61323936623037623131316537666339613830323637366238656638646438653034323832626433
39336465313437313264373465356533666131613537353965393436643039366362376562346535
62336136623034653431616232303931326532613562323735663535303764366339383232393430
36343766613265303266373230343531323465316563643034343565623463643131373762316235
37306530383333323235393666643434643638376534323137363038623438383430303438393338
64383933653534316431383466646437316564353634656332366638346431353162653866653762
66323633643061313230356463653731386363363564353062346161383063316665333434323064
35623361613238376266326632613531393831656133656532356365303932393565613636376365
39353363326232333737373332333137346231663563616334383136366464626661356437333038
31356435626561623964303464623962386563343634623464663566366665376436633131303439
39396464386661396365313439386662366163396561393664623832653831366261393165316666
66373438363265373431623736666165306237353334666434643837343263353336376131393030
37613635323766373964613763373533366264613238653735653634623435663236613033303963
38373365376666623731636466663763333934333836333337633739393365366131
